# oST version 5.0 parameters


[image]

width
1296

height
1032

[narrow_stereo/left]

camera matrix
2115.217429 0.000000 647.873823
0.000000 2116.019791 528.204308
0.000000 0.000000 1.000000

distortion
-0.000758 -0.024986 -0.001322 -0.000719 0.000000

rectification
0.999866 0.009920 -0.012994
-0.009924 0.999951 -0.000312
0.012991 0.000441 0.999916

projection
2429.549148 0.000000 746.709141 0.000000
0.000000 2429.549148 521.818497 0.000000
0.000000 0.000000 1.000000 0.000000

# oST version 5.0 parameters


[image]

width
1296

height
1032

[narrow_stereo/right]

camera matrix
2124.254998 0.000000 628.626306
0.000000 2123.520656 517.086371
0.000000 0.000000 1.000000

distortion
-0.004086 -0.022748 -0.000402 -0.000357 0.000000

rectification
0.996706 0.006884 -0.080801
-0.006853 0.999976 0.000654
0.080804 -0.000098 0.996730

projection
2429.549148 0.000000 746.709141 -233.914604
0.000000 2429.549148 521.818497 0.000000
0.000000 0.000000 1.000000 0.000000

